   7.7000000e+01   1.5054528e+03   3.8002590e+01   8.7775325e+02   8.7042857e+02   8.5923377e+02   2.0702883e+01   2.2712406e+01   2.2354733e+01
   6.9000000e+01   1.5015661e+03   3.4874009e+01   8.7562319e+02   8.6810145e+02   8.5695652e+02   1.8845425e+01   2.1025296e+01   2.0469083e+01
   7.8000000e+01   1.5046078e+03   3.3453030e+01   8.7761538e+02   8.6967949e+02   8.5865385e+02   1.8738273e+01   1.9788160e+01   1.9401317e+01
   7.6000000e+01   1.4940030e+03   3.2490841e+01   8.7155263e+02   8.6357895e+02   8.5244737e+02   1.8235054e+01   1.9223779e+01   1.8803826e+01
   7.6000000e+01   1.5125053e+03   4.1861941e+01   8.8153947e+02   8.7468421e+02   8.6340789e+02   2.2628855e+01   2.5213335e+01   2.4589525e+01
   7.6000000e+01   1.5132931e+03   4.4640502e+01   8.8164474e+02   8.7536842e+02   8.6398684e+02   2.4029262e+01   2.6856578e+01   2.6345648e+01
   7.0000000e+01   1.5102009e+03   3.4098305e+01   8.8115714e+02   8.7287143e+02   8.6160000e+02   1.8623373e+01   2.0291300e+01   2.0102924e+01
   6.4000000e+01   1.5059115e+03   3.7246701e+01   8.7823438e+02   8.7067188e+02   8.5929688e+02   2.0127957e+01   2.2436545e+01   2.1881122e+01
   6.8000000e+01   1.5172913e+03   3.6587088e+01   8.8495588e+02   8.7716176e+02   8.6579412e+02   1.9335555e+01   2.2242631e+01   2.1679868e+01
   7.7000000e+01   1.5171725e+03   3.8224129e+01   8.8444156e+02   8.7731169e+02   8.6596104e+02   2.0727869e+01   2.2938855e+01   2.2477733e+01
   7.8000000e+01   1.5050091e+03   4.0739971e+01   8.7770513e+02   8.7014103e+02   8.5879487e+02   2.2407738e+01   2.4350111e+01   2.3763641e+01
   8.0000000e+01   1.5154850e+03   3.6539585e+01   8.8378750e+02   8.7621250e+02   8.6478750e+02   2.0078765e+01   2.1755659e+01   2.1416718e+01
   7.6000000e+01   1.4983936e+03   3.0668922e+01   8.7398684e+02   8.6617105e+02   8.5502632e+02   1.6470170e+01   1.8465383e+01   1.8120319e+01
   7.4000000e+01   1.5144872e+03   3.7662321e+01   8.8259459e+02   8.7593243e+02   8.6454054e+02   2.0350301e+01   2.2684453e+01   2.2129871e+01
   6.4000000e+01   1.4929769e+03   3.4770535e+01   8.7015625e+02   8.6337500e+02   8.5228125e+02   1.8810010e+01   2.0931862e+01   2.0421331e+01
   6.5000000e+01   1.5026061e+03   3.3683160e+01   8.7558462e+02   8.6907692e+02   8.5783077e+02   1.8580814e+01   2.0106985e+01   1.9621870e+01
   7.7000000e+01   1.4883521e+03   3.5916965e+01   8.6789610e+02   8.6053247e+02   8.4936364e+02   2.0293624e+01   2.1231546e+01   2.0674106e+01
   6.5000000e+01   1.5035619e+03   3.2001878e+01   8.7678462e+02   8.6930769e+02   8.5804615e+02   1.7736344e+01   1.9077902e+01   1.8589674e+01
   8.7000000e+01   1.5000156e+03   3.1745197e+01   8.7462069e+02   8.6729885e+02   8.5608046e+02   1.8064639e+01   1.8605522e+01   1.8310131e+01
   6.7000000e+01   1.5135212e+03   3.7303788e+01   8.8143284e+02   8.7573134e+02   8.6423881e+02   2.0507370e+01   2.2178738e+01   2.1888900e+01
   7.6000000e+01   1.5201491e+03   3.6175442e+01   8.8538158e+02   8.7953947e+02   8.6796053e+02   2.0126909e+01   2.1432960e+01   2.1076015e+01
   7.2000000e+01   1.5183760e+03   3.4783834e+01   8.8470833e+02   8.7827778e+02   8.6681944e+02   1.8834668e+01   2.0871317e+01   2.0483127e+01
   7.4000000e+01   1.5101393e+03   3.6879132e+01   8.7991892e+02   8.7351351e+02   8.6210811e+02   2.0452924e+01   2.1897171e+01   2.1500282e+01
   7.6000000e+01   1.5204155e+03   4.3274633e+01   8.8442105e+02   8.8026316e+02   8.6867105e+02   2.3807709e+01   2.5865482e+01   2.5236158e+01
   8.1000000e+01   1.5180604e+03   3.4221600e+01   8.8367901e+02   8.7851852e+02   8.6707407e+02   1.9183213e+01   2.0324315e+01   1.9749543e+01
   7.5000000e+01   1.5076178e+03   3.6829160e+01   8.7837333e+02   8.7210667e+02   8.6069333e+02   2.0337539e+01   2.1912956e+01   2.1507996e+01
   7.5000000e+01   1.5097356e+03   3.3275996e+01   8.7973333e+02   8.7329333e+02   8.6181333e+02   1.8903977e+01   1.9570920e+01   1.9154911e+01
   7.1000000e+01   1.4960077e+03   3.3603589e+01   8.7230986e+02   8.6501408e+02   8.5373239e+02   1.8942463e+01   1.9786354e+01   1.9464956e+01
   7.5000000e+01   1.5134091e+03   3.6038683e+01   8.8209333e+02   8.7528000e+02   8.6382667e+02   2.0022402e+01   2.1436619e+01   2.0937083e+01
   7.0000000e+01   1.4955531e+03   3.6527142e+01   8.7182857e+02   8.6484286e+02   8.5360000e+02   2.0165957e+01   2.1797245e+01   2.1270787e+01
   6.7000000e+01   1.5033759e+03   3.6117233e+01   8.7626866e+02   8.6944776e+02   8.5810448e+02   1.9699702e+01   2.1631405e+01   2.1176842e+01
   6.5000000e+01   1.5012026e+03   3.7665819e+01   8.7572308e+02   8.6784615e+02   8.5647692e+02   2.0842795e+01   2.2473756e+01   2.1891142e+01
   7.0000000e+01   1.5089262e+03   4.5947240e+01   8.7882857e+02   8.7298571e+02   8.6162857e+02   2.5695526e+01   2.7324933e+01   2.6537461e+01
   7.6000000e+01   1.5038192e+03   3.2874418e+01   8.7723684e+02   8.6938158e+02   8.5796053e+02   1.8646085e+01   1.9312150e+01   1.8976084e+01
   7.6000000e+01   1.5198773e+03   3.6822707e+01   8.8522368e+02   8.7932895e+02   8.6785526e+02   1.9524753e+01   2.2270691e+01   2.1879491e+01
   7.1000000e+01   1.5085945e+03   3.5714844e+01   8.7842254e+02   8.7287324e+02   8.6157746e+02   1.9547497e+01   2.1355447e+01   2.0913879e+01
   6.8000000e+01   1.4982110e+03   3.7446198e+01   8.7294118e+02   8.6655882e+02   8.5538235e+02   2.0639682e+01   2.2357597e+01   2.1825652e+01
   6.6000000e+01   1.5034057e+03   2.8498931e+01   8.7701515e+02   8.6904545e+02   8.5780303e+02   1.5836173e+01   1.6861820e+01   1.6645831e+01
   7.0000000e+01   1.4945725e+03   3.3807524e+01   8.7140000e+02   8.6421429e+02   8.5295714e+02   1.8686894e+01   2.0130655e+01   1.9710540e+01
   7.3000000e+01   1.5059826e+03   3.6944804e+01   8.7753425e+02   8.7097260e+02   8.5983562e+02   2.0336122e+01   2.2071835e+01   2.1545181e+01
   6.5000000e+01   1.5007804e+03   3.6807699e+01   8.7501538e+02   8.6780000e+02   8.5650769e+02   2.0573415e+01   2.1854061e+01   2.1305899e+01
   7.4000000e+01   1.4996123e+03   3.5886826e+01   8.7374324e+02   8.6731081e+02   8.5625676e+02   2.0208543e+01   2.1215738e+01   2.0721282e+01
   7.3000000e+01   1.5059826e+03   3.6944804e+01   8.7753425e+02   8.7097260e+02   8.5983562e+02   2.0336122e+01   2.2071835e+01   2.1545181e+01
   6.5000000e+01   1.5007804e+03   3.6807699e+01   8.7501538e+02   8.6780000e+02   8.5650769e+02   2.0573415e+01   2.1854061e+01   2.1305899e+01
   7.4000000e+01   1.4996123e+03   3.5886826e+01   8.7374324e+02   8.6731081e+02   8.5625676e+02   2.0208543e+01   2.1215738e+01   2.0721282e+01
   7.6000000e+01   1.5053826e+03   4.0398000e+01   8.7717105e+02   8.7060526e+02   8.5952632e+02   2.2092767e+01   2.4199217e+01   2.3628499e+01
   7.5000000e+01   1.5092175e+03   4.0958538e+01   8.7925333e+02   8.7293333e+02   8.6176000e+02   2.2625681e+01   2.4385603e+01   2.3896081e+01
   7.6000000e+01   1.5150520e+03   3.3726334e+01   8.8260526e+02   8.7635526e+02   8.6509211e+02   1.8578898e+01   2.0074995e+01   1.9730300e+01
   6.3000000e+01   1.5198393e+03   3.9335429e+01   8.8474603e+02   8.7950794e+02   8.6809524e+02   2.1118688e+01   2.3703051e+01   2.3225899e+01
   5.8000000e+01   1.4997597e+03   3.4307032e+01   8.7318966e+02   8.6774138e+02   8.5663793e+02   1.8184683e+01   2.0828085e+01   2.0309619e+01
   5.8000000e+01   1.5068689e+03   4.3780999e+01   8.7762069e+02   8.7177586e+02   8.6048276e+02   2.4030556e+01   2.6182251e+01   2.5569473e+01
   7.1000000e+01   1.5133907e+03   4.3929416e+01   8.8085915e+02   8.7580282e+02   8.6452113e+02   2.4208792e+01   2.6226824e+01   2.5610187e+01
   9.3000000e+01   1.5026148e+03   3.0671985e+01   8.7522581e+02   8.6919355e+02   8.5809677e+02   1.8099441e+01   1.7652601e+01   1.7365674e+01
   9.6000000e+01   1.5117031e+03   4.7376851e+01   8.7915625e+02   8.7518750e+02   8.6392708e+02   2.6915199e+01   2.7811135e+01   2.7325425e+01
   8.7000000e+01   1.5114412e+03   3.5764769e+01   8.8022989e+02   8.7435632e+02   8.6321839e+02   2.0360530e+01   2.1011059e+01   2.0569466e+01
   8.6000000e+01   1.4982230e+03   3.2722834e+01   8.7282558e+02   8.6659302e+02   8.5548837e+02   1.8415589e+01   1.9310088e+01   1.8941237e+01
   6.4000000e+01   1.5019977e+03   3.5244976e+01   8.7531250e+02   8.6859375e+02   8.5753125e+02   1.9344722e+01   2.1074862e+01   2.0587382e+01
   9.9000000e+01   1.5091108e+03   3.8389438e+01   8.8044444e+02   8.7353535e+02   8.5956566e+02   1.9193016e+01   1.9202101e+01   2.7141414e+01
   9.8000000e+01   1.5078031e+03   2.9635108e+01   8.7901020e+02   8.7182653e+02   8.6065306e+02   1.6885604e+01   1.7369855e+01   1.7070564e+01
   8.1000000e+01   1.5009977e+03   3.1506897e+01   8.7576543e+02   8.6744444e+02   8.5648148e+02   1.7168482e+01   1.8914280e+01   1.8443909e+01
   8.7000000e+01   1.5088685e+03   3.6058549e+01   8.7966667e+02   8.7250575e+02   8.6116092e+02   2.0853122e+01   2.0974444e+01   2.0626171e+01
   7.4000000e+01   1.5059975e+03   3.7340139e+01   8.7760811e+02   8.7105405e+02   8.5970270e+02   2.1244060e+01   2.1863770e+01   2.1562734e+01
   6.1000000e+01   1.5016051e+03   3.7421941e+01   8.7616393e+02   8.6798361e+02   8.5659016e+02   2.0633452e+01   2.2271425e+01   2.1877978e+01
   7.1000000e+01   1.4965262e+03   2.8529909e+01   8.7407042e+02   8.6456338e+02   8.5329577e+02   1.6177872e+01   1.6809634e+01   1.6421584e+01
   6.5000000e+01   1.5165153e+03   4.1406028e+01   8.8341538e+02   8.7730769e+02   8.6586154e+02   2.2779440e+01   2.4740480e+01   2.4155018e+01
   8.3000000e+01   1.5109391e+03   3.5441496e+01   8.8036145e+02   8.7386747e+02   8.6269880e+02   1.9663994e+01   2.1126663e+01   2.0569178e+01
   8.0000000e+01   1.5066809e+03   4.0286219e+01   8.7801250e+02   8.7135000e+02   8.6018750e+02   2.2217848e+01   2.4036418e+01   2.3486109e+01
   7.0000000e+01   1.5139112e+03   3.9234120e+01   8.8218571e+02   8.7557143e+02   8.6431429e+02   2.1576485e+01   2.3436978e+01   2.2901517e+01
   7.9000000e+01   1.5187257e+03   3.8768067e+01   8.8458228e+02   8.7854430e+02   8.6729114e+02   2.1229278e+01   2.3157652e+01   2.2715719e+01
   6.7000000e+01   1.5099419e+03   3.7745709e+01   8.8002985e+02   8.7323881e+02   8.6192537e+02   2.0469467e+01   2.2656921e+01   2.2190165e+01
   8.8000000e+01   1.5196584e+03   4.2688034e+01   8.8403409e+02   8.7964773e+02   8.6836364e+02   2.3517393e+01   2.5468502e+01   2.4910960e+01
   8.0000000e+01   1.5061899e+03   3.8658628e+01   8.7781250e+02   8.7095000e+02   8.5993750e+02   2.1485994e+01   2.2957253e+01   2.2490135e+01
   7.9000000e+01   1.5037094e+03   3.8335554e+01   8.7624051e+02   8.6965823e+02   8.5850633e+02   2.1533049e+01   2.2653967e+01   2.2197755e+01
   7.0000000e+01   1.5148182e+03   4.2225072e+01   8.8254286e+02   8.7625714e+02   8.6484286e+02   2.3176503e+01   2.5180327e+01   2.4733733e+01
   7.1000000e+01   1.5154599e+03   4.1374133e+01   8.8260563e+02   8.7670423e+02   8.6545070e+02   2.2650436e+01   2.4665415e+01   2.4298024e+01
   5.8000000e+01   1.5116262e+03   3.3923444e+01   8.8037931e+02   8.7453448e+02   8.6320690e+02   1.8434167e+01   2.0450381e+01   1.9818261e+01
   7.4000000e+01   1.5105504e+03   3.9008495e+01   8.8077027e+02   8.7336486e+02   8.6210811e+02   2.1173483e+01   2.3431377e+01   2.2897968e+01
   6.9000000e+01   1.5135797e+03   3.8683592e+01   8.8234783e+02   8.7520290e+02   8.6394203e+02   2.1132513e+01   2.3130436e+01   2.2689648e+01
   6.7000000e+01   1.5027325e+03   3.7398287e+01   8.7632836e+02   8.6880597e+02   8.5756716e+02   2.0486054e+01   2.2437279e+01   2.1806465e+01
   7.5000000e+01   1.5072611e+03   3.9760372e+01   8.7802667e+02   8.7185333e+02   8.6068000e+02   2.2153624e+01   2.3617843e+01   2.3071663e+01
   7.1000000e+01   1.5198931e+03   3.6497854e+01   8.8433803e+02   8.7973239e+02   8.6838028e+02   2.0160034e+01   2.1781354e+01   2.1242388e+01
   7.6000000e+01   1.5014217e+03   3.9967493e+01   8.7536842e+02   8.6813158e+02   8.5693421e+02   2.2187589e+01   2.3778613e+01   2.3231206e+01
   6.6000000e+01   1.5014707e+03   4.0953615e+01   8.7556061e+02   8.6807576e+02   8.5687879e+02   2.2248339e+01   2.4641622e+01   2.3979167e+01
   7.4000000e+01   1.4987954e+03   3.7789595e+01   8.7432432e+02   8.6639189e+02   8.5516216e+02   2.1307345e+01   2.2276480e+01   2.1858842e+01
   8.2000000e+01   1.5024279e+03   3.3451835e+01   8.7643902e+02   8.6845122e+02   8.5728049e+02   1.8689865e+01   1.9845174e+01   1.9387710e+01
   6.8000000e+01   1.5040466e+03   3.8634322e+01   8.7658824e+02   8.6973529e+02   8.5866176e+02   2.1492265e+01   2.3093979e+01   2.2301603e+01
   8.9000000e+01   1.5041585e+03   3.8706383e+01   8.7744944e+02   8.6942697e+02   8.5829213e+02   2.1775200e+01   2.2813417e+01   2.2440427e+01
   1.0600000e+02   1.5149093e+03   3.5616404e+01   8.8282075e+02   8.7616038e+02   8.6482075e+02   2.0093494e+01   2.0982141e+01   2.0604113e+01
   7.0000000e+01   1.5026875e+03   3.4280529e+01   8.7687143e+02   8.6851429e+02   8.5722857e+02   1.9219496e+01   2.0227505e+01   1.9915162e+01
   6.5000000e+01   1.5014082e+03   3.8588304e+01   8.7492308e+02   8.6840000e+02   8.5709231e+02   2.1601004e+01   2.2755357e+01   2.2464363e+01
   9.6000000e+01   1.5045154e+03   3.2938418e+01   8.7662500e+02   8.7020833e+02   8.5896875e+02   1.9113098e+01   1.9094732e+01   1.8841976e+01
   7.3000000e+01   1.5067655e+03   3.5532292e+01   8.7795890e+02   8.7147945e+02   8.6026027e+02   2.0138023e+01   2.0951074e+01   2.0446426e+01
   9.0000000e+01   1.5075962e+03   3.4880531e+01   8.7873333e+02   8.7178889e+02   8.6061111e+02   1.9865163e+01   2.0516091e+01   2.0027899e+01
   7.1000000e+01   1.5154240e+03   4.6147354e+01   8.8204225e+02   8.7704225e+02   8.6561972e+02   2.5898945e+01   2.7286541e+01   2.6725785e+01
   9.1000000e+01   1.5113505e+03   3.9018824e+01   8.8082418e+02   8.7402198e+02   8.6279121e+02   2.2497206e+01   2.2735180e+01   2.2348511e+01
   1.1400000e+02   1.5166180e+03   4.0043136e+01   8.8314912e+02   8.7742982e+02   8.6619298e+02   2.2681415e+01   2.3560868e+01   2.3106095e+01
   9.9000000e+01   1.5151704e+03   3.4966483e+01   8.8381818e+02   8.7578788e+02   8.6463636e+02   1.9484355e+01   2.0819571e+01   2.0237596e+01
   9.1000000e+01   1.5054404e+03   3.2797305e+01   8.7848352e+02   8.7004396e+02   8.5885714e+02   1.8689488e+01   1.9301648e+01   1.8809910e+01
   8.5000000e+01   1.5198653e+03   3.4543145e+01   8.8551765e+02   8.7909412e+02   8.6777647e+02   1.9293233e+01   2.0485549e+01   2.0033529e+01
   8.8000000e+01   1.5098616e+03   3.7465392e+01   8.7998864e+02   8.7315909e+02   8.6190909e+02   2.0637815e+01   2.2421709e+01   2.1794567e+01
   8.5000000e+01   1.5152154e+03   3.7723322e+01   8.8212941e+02   8.7682353e+02   8.6538824e+02   2.0707020e+01   2.2586962e+01   2.2002215e+01
   7.1000000e+01   1.4947346e+03   2.3286588e+01   8.7271831e+02   8.6347887e+02   8.5263380e+02   1.1951310e+01   1.4243654e+01   1.4019618e+01
   7.2000000e+01   1.5126071e+03   2.6142089e+01   8.8195833e+02   8.7443056e+02   8.6341667e+02   1.3570305e+01   1.5949592e+01   1.5648201e+01
   9.6000000e+01   1.5002347e+03   3.4089078e+01   8.7439583e+02   8.6737500e+02   8.5661458e+02   1.9450601e+01   1.9999079e+01   1.9590207e+01
   7.8000000e+01   1.5094389e+03   2.9182464e+01   8.7996154e+02   8.7273077e+02   8.6162821e+02   1.5465456e+01   1.7766650e+01   1.7227363e+01
   8.0000000e+01   1.5217093e+03   2.7562903e+01   8.8698750e+02   8.7990000e+02   8.6868750e+02   1.4381329e+01   1.6828698e+01   1.6422117e+01
   8.4000000e+01   1.5151364e+03   3.3387417e+01   8.8394048e+02   8.7567857e+02   8.6455952e+02   1.7702597e+01   2.0218780e+01   1.9812586e+01
   8.8000000e+01   1.5197054e+03   2.7501584e+01   8.8594318e+02   8.7869318e+02   8.6746591e+02   1.4533638e+01   1.6691493e+01   1.6324968e+01
   9.2000000e+01   1.5072592e+03   3.1471561e+01   8.7895652e+02   8.7132609e+02   8.6026087e+02   1.7410943e+01   1.8700126e+01   1.8374534e+01
   8.7000000e+01   1.5190459e+03   3.4544495e+01   8.8510345e+02   8.7856322e+02   8.6729885e+02   1.8801308e+01   2.0723372e+01   2.0257709e+01
   7.7000000e+01   1.5132597e+03   2.6918880e+01   8.8305195e+02   8.7459740e+02   8.6327273e+02   1.3796354e+01   1.6553152e+01   1.6133193e+01
   7.5000000e+01   1.5173149e+03   2.9358118e+01   8.8458667e+02   8.7724000e+02   8.6613333e+02   1.5642193e+01   1.8010387e+01   1.7112769e+01
   8.0000000e+01   1.5130073e+03   2.8947918e+01   8.8220000e+02   8.7471250e+02   8.6358750e+02   1.5551792e+01   1.7441543e+01   1.7085558e+01
   8.6000000e+01   1.5159868e+03   3.0207307e+01   8.8373256e+02   8.7666279e+02   8.6526744e+02   1.6337920e+01   1.8222553e+01   1.7705715e+01
   7.3000000e+01   1.5120239e+03   3.1197053e+01   8.8164384e+02   8.7420548e+02   8.6294521e+02   1.6581759e+01   1.8914984e+01   1.8453312e+01
   7.8000000e+01   1.5160225e+03   3.1179310e+01   8.8303846e+02   8.7700000e+02   8.6569231e+02   1.6348829e+01   1.9072657e+01   1.8468863e+01
   9.8000000e+01   1.5095529e+03   3.0542450e+01   8.7984694e+02   8.7306122e+02   8.6161224e+02   1.6877577e+01   1.8213972e+01   1.7783134e+01
   8.6000000e+01   1.5070400e+03   3.8260399e+01   8.7787209e+02   8.7184884e+02   8.6045349e+02   2.1034312e+01   2.2948288e+01   2.2243919e+01
   8.4000000e+01   1.5274088e+03   3.6596854e+01   8.8871429e+02   8.8415476e+02   8.7259524e+02   1.9591965e+01   2.2171562e+01   2.1538488e+01
   8.7000000e+01   1.5225681e+03   3.7601361e+01   8.8603448e+02   8.8121839e+02   8.6982759e+02   2.0280847e+01   2.2730179e+01   2.2042879e+01
   8.3000000e+01   1.4996082e+03   3.5913379e+01   8.7351807e+02   8.6756627e+02   8.5621687e+02   2.0143002e+01   2.1350840e+01   2.0692315e+01
   8.2000000e+01   1.5001850e+03   3.3293160e+01   8.7442683e+02   8.6760976e+02   8.5625610e+02   1.8308758e+01   1.9965251e+01   1.9354912e+01
   7.5000000e+01   1.5114858e+03   3.1807790e+01   8.8096000e+02   8.7420000e+02   8.6270667e+02   1.7334889e+01   1.9022036e+01   1.8692225e+01
   7.9000000e+01   1.5177380e+03   3.7078029e+01   8.8354430e+02   8.7831646e+02   8.6684810e+02   1.9691725e+01   2.2439974e+01   2.1987810e+01
   7.7000000e+01   1.4963423e+03   3.8176368e+01   8.7218182e+02   8.6537662e+02   8.5407792e+02   2.0716588e+01   2.3000594e+01   2.2343471e+01
   8.6000000e+01   1.5057222e+03   3.4619863e+01   8.7770930e+02   8.7080233e+02   8.5937209e+02   1.9216945e+01   2.0578584e+01   2.0143629e+01
   7.6000000e+01   1.4987165e+03   3.5732267e+01   8.7350000e+02   8.6686842e+02   8.5538158e+02   1.9926866e+01   2.1257997e+01   2.0683628e+01
   8.2000000e+01   1.5119587e+03   3.3051756e+01   8.8141463e+02   8.7434146e+02   8.6292683e+02   1.7940196e+01   1.9861384e+01   1.9393126e+01
   8.2000000e+01   1.5100628e+03   3.9017277e+01   8.7998780e+02   8.7345122e+02   8.6196341e+02   2.1074526e+01   2.3450053e+01   2.2984936e+01
   9.0000000e+01   1.5049724e+03   3.9270265e+01   8.7696667e+02   8.7054444e+02   8.5907778e+02   2.1695259e+01   2.3473227e+01   2.2813966e+01
   8.5000000e+01   1.5163372e+03   3.5714551e+01   8.8374118e+02   8.7703529e+02   8.6549412e+02   1.9494293e+01   2.1417309e+01   2.0899774e+01
   8.0000000e+01   1.5199047e+03   3.0664938e+01   8.8667500e+02   8.7861250e+02   8.6715000e+02   1.6782884e+01   1.8396129e+01   1.7895689e+01
   8.0000000e+01   1.5092976e+03   3.3266337e+01   8.8067500e+02   8.7237500e+02   8.6101250e+02   1.8285205e+01   1.9943195e+01   1.9353797e+01
   8.7000000e+01   1.5234809e+03   3.7640525e+01   8.8764368e+02   8.8128736e+02   8.6971264e+02   1.9989519e+01   2.2827925e+01   2.2273620e+01
   9.2000000e+01   1.5165197e+03   3.7113046e+01   8.8506522e+02   8.7646739e+02   8.6503261e+02   2.0087613e+01   2.2422247e+01   2.1705041e+01
   1.0100000e+02   1.5220259e+03   4.3591654e+01   8.8626733e+02   8.8071287e+02   8.6914851e+02   2.3070280e+01   2.6437222e+01   2.5866343e+01
   8.2000000e+01   1.5073210e+03   2.9018736e+01   8.7984146e+02   8.7107317e+02   8.5971951e+02   1.5772667e+01   1.7465154e+01   1.6978763e+01
   8.4000000e+01   1.5167857e+03   3.5338107e+01   8.8323810e+02   8.7758333e+02   8.6623810e+02   1.9410976e+01   2.1173528e+01   2.0583429e+01
   8.2000000e+01   1.5116137e+03   2.8094029e+01   8.8128049e+02   8.7414634e+02   8.6265854e+02   1.5519223e+01   1.6762776e+01   1.6353517e+01
   8.0000000e+01   1.5054057e+03   3.7220581e+01   8.7736250e+02   8.7071250e+02   8.5926250e+02   2.0537242e+01   2.2233624e+01   2.1662394e+01
   8.6000000e+01   1.5086545e+03   3.7694751e+01   8.7911628e+02   8.7265116e+02   8.6119767e+02   2.0498734e+01   2.2666258e+01   2.2066648e+01
   8.4000000e+01   1.5091906e+03   3.4503026e+01   8.7957143e+02   8.7288095e+02   8.6144048e+02   1.9053688e+01   2.0610212e+01   2.0065766e+01
   9.1000000e+01   1.4997357e+03   3.7232651e+01   8.7330769e+02   8.6782418e+02   8.5639560e+02   2.1215661e+01   2.1940117e+01   2.1325977e+01
   8.3000000e+01   1.5030925e+03   4.0180964e+01   8.7625301e+02   8.6930120e+02   8.5777108e+02   2.2580935e+01   2.3795744e+01   2.3202883e+01
   8.5000000e+01   1.4993747e+03   3.9420316e+01   8.7436471e+02   8.6697647e+02   8.5554118e+02   2.1976636e+01   2.3437849e+01   2.2839790e+01
   8.4000000e+01   1.4946132e+03   3.9555656e+01   8.7183333e+02   8.6415476e+02   8.5264286e+02   2.2127687e+01   2.3486727e+01   2.2877696e+01
   9.6000000e+01   1.4993595e+03   3.9718250e+01   8.7389583e+02   8.6715625e+02   8.5581250e+02   2.2353843e+01   2.3531537e+01   2.2893489e+01
   8.6000000e+01   1.4950293e+03   3.6340542e+01   8.7240698e+02   8.6411628e+02   8.5282558e+02   2.0251000e+01   2.1649844e+01   2.1019426e+01
   8.4000000e+01   1.5057915e+03   4.2766142e+01   8.7789286e+02   8.7076190e+02   8.5934524e+02   2.3851962e+01   2.5477426e+01   2.4716949e+01
   1.0000000e+02   1.5018729e+03   3.4516410e+01   8.7595000e+02   8.6828000e+02   8.5698000e+02   1.9995138e+01   2.0126910e+01   1.9659208e+01
   9.4000000e+01   1.5060042e+03   3.5657831e+01   8.7855319e+02   8.7056383e+02   8.5924468e+02   2.0072780e+01   2.1091994e+01   2.0583784e+01
   7.7000000e+01   1.5004213e+03   4.0582953e+01   8.7544156e+02   8.6731169e+02   8.5593506e+02   2.2393898e+01   2.4305219e+01   2.3553041e+01
   8.2000000e+01   1.4967970e+03   3.8295370e+01   8.7458537e+02   8.6451220e+02   8.5329268e+02   2.1543497e+01   2.2668433e+01   2.2103286e+01
   7.9000000e+01   1.5021951e+03   3.7328354e+01   8.7725316e+02   8.6798734e+02   8.5650633e+02   2.0645648e+01   2.2216010e+01   2.1762632e+01
   7.7000000e+01   1.4934214e+03   2.9507909e+01   8.7097403e+02   8.6345455e+02   8.5214286e+02   1.6570403e+01   1.7484990e+01   1.7041524e+01
   9.3000000e+01   1.5008610e+03   3.2882347e+01   8.7449462e+02   8.6803226e+02   8.5694624e+02   1.8871778e+01   1.9232249e+01   1.8847423e+01
   8.4000000e+01   1.4970800e+03   3.6069616e+01   8.7180952e+02   8.6616667e+02   8.5495238e+02   2.0431181e+01   2.1313966e+01   2.0719530e+01
   8.5000000e+01   1.5131300e+03   3.8325855e+01   8.8094118e+02   8.7550588e+02   8.6428235e+02   2.1200490e+01   2.2833572e+01   2.2316773e+01
   8.2000000e+01   1.4968751e+03   4.1280713e+01   8.7237805e+02   8.6567073e+02   8.5451220e+02   2.2758876e+01   2.4760111e+01   2.3938834e+01
   9.0000000e+01   1.5070372e+03   4.0411365e+01   8.7730000e+02   8.7202222e+02   8.6085556e+02   2.3028780e+01   2.3794994e+01   2.3163591e+01
   8.4000000e+01   1.5235622e+03   3.4339698e+01   8.8771429e+02   8.8122619e+02   8.6984524e+02   1.8760103e+01   2.0528177e+01   2.0146149e+01
   8.8000000e+01   1.5090986e+03   2.5181761e+01   8.8054545e+02   8.7221591e+02   8.6095455e+02   1.3332105e+01   1.5268064e+01   1.4941964e+01
   8.1000000e+01   1.5211565e+03   3.3896247e+01   8.8571605e+02   8.8016049e+02   8.6875309e+02   1.8192879e+01   2.0403711e+01   2.0041539e+01
   8.2000000e+01   1.5164345e+03   3.1533450e+01   8.8302439e+02   8.7737805e+02   8.6604878e+02   1.7536541e+01   1.8772610e+01   1.8287081e+01
   7.7000000e+01   1.5146546e+03   3.0415543e+01   8.8223377e+02   8.7620779e+02   8.6492208e+02   1.6729187e+01   1.8185693e+01   1.7734716e+01
   6.7000000e+01   1.5125245e+03   2.9728502e+01   8.8122388e+02   8.7486567e+02   8.6358209e+02   1.6482149e+01   1.7843508e+01   1.7138605e+01
   7.3000000e+01   1.5075880e+03   2.9215185e+01   8.7832877e+02   8.7205479e+02   8.6073973e+02   1.6083165e+01   1.7504674e+01   1.6983675e+01
   7.9000000e+01   1.5082446e+03   3.0375883e+01   8.7824051e+02   8.7273418e+02   8.6129114e+02   1.7804649e+01   1.7521934e+01   1.7282088e+01
   6.9000000e+01   1.5134739e+03   3.1909599e+01   8.8157971e+02   8.7553623e+02   8.6420290e+02   1.7907775e+01   1.8874648e+01   1.8473813e+01
   7.9000000e+01   1.5113659e+03   3.3191755e+01   8.8011392e+02   8.7446835e+02   8.6308861e+02   1.8388951e+01   1.9796293e+01   1.9278120e+01
   6.9000000e+01   1.5108679e+03   3.0648128e+01   8.7953623e+02   8.7427536e+02   8.6300000e+02   1.6977130e+01   1.8351858e+01   1.7728342e+01
   6.9000000e+01   1.5152353e+03   3.2774358e+01   8.8194203e+02   8.7694203e+02   8.6549275e+02   1.7934426e+01   1.9628823e+01   1.9163095e+01
   7.1000000e+01   1.5143536e+03   3.6766154e+01   8.8050704e+02   8.7688732e+02   8.6546479e+02   1.9898940e+01   2.2161453e+01   2.1555795e+01
   7.3000000e+01   1.5151637e+03   3.9263424e+01   8.8119178e+02   8.7723288e+02   8.6583562e+02   2.1309660e+01   2.3548131e+01   2.3086801e+01
   7.1000000e+01   1.5146969e+03   3.6318112e+01   8.8207042e+02   8.7638028e+02   8.6498592e+02   1.9493826e+01   2.2029439e+01   2.1300230e+01
   6.8000000e+01   1.5167790e+03   3.5258306e+01   8.8323529e+02   8.7767647e+02   8.6613235e+02   1.9331451e+01   2.1096397e+01   2.0600612e+01
   6.8000000e+01   1.5219417e+03   3.9669727e+01   8.8608824e+02   8.8072059e+02   8.6917647e+02   2.1034254e+01   2.4186987e+01   2.3371715e+01
   7.1000000e+01   1.5161042e+03   3.6642363e+01   8.8311268e+02   8.7711268e+02   8.6564789e+02   2.0075251e+01   2.2041227e+01   2.1303319e+01
   6.8000000e+01   1.5253259e+03   3.9104972e+01   8.8758824e+02   8.8292647e+02   8.7133824e+02   2.0707080e+01   2.3854857e+01   2.3051280e+01
   7.5000000e+01   1.5114495e+03   3.6058191e+01   8.8100000e+02   8.7417333e+02   8.6262667e+02   1.9147366e+01   2.1919616e+01   2.1286192e+01
   8.0000000e+01   1.5239242e+03   3.3055896e+01   8.8795000e+02   8.8156250e+02   8.6990000e+02   1.8009069e+01   1.9847420e+01   1.9350596e+01
   7.1000000e+01   1.5160734e+03   3.1499040e+01   8.8325352e+02   8.7695775e+02   8.6560563e+02   1.6834249e+01   1.9132946e+01   1.8512914e+01
   8.3000000e+01   1.5198645e+03   3.4411654e+01   8.8537349e+02   8.7926506e+02   8.6774699e+02   1.8804327e+01   2.0642771e+01   2.0110574e+01
   7.7000000e+01   1.5229991e+03   4.0764390e+01   8.8666234e+02   8.8133766e+02   8.6981818e+02   2.1878619e+01   2.4763944e+01   2.3870664e+01
   7.8000000e+01   1.5099439e+03   3.9339079e+01   8.7948718e+02   8.7353846e+02   8.6217949e+02   2.1766615e+01   2.3486217e+01   2.2851152e+01
   7.8000000e+01   1.5206757e+03   4.2279783e+01   8.8524359e+02   8.8000000e+02   8.6855128e+02   2.2601107e+01   2.5641889e+01   2.4885007e+01
   7.2000000e+01   1.5132774e+03   3.5000497e+01   8.8162500e+02   8.7548611e+02   8.6386111e+02   1.9051773e+01   2.1053248e+01   2.0465227e+01
   7.3000000e+01   1.5347903e+03   3.8467964e+01   8.9312329e+02   8.8836986e+02   8.7675342e+02   2.0635693e+01   2.3316963e+01   2.2589194e+01
   6.8000000e+01   1.5279983e+03   3.9720108e+01   8.9001471e+02   8.8405882e+02   8.7239706e+02   2.1420100e+01   2.3996817e+01   2.3302770e+01
   7.5000000e+01   1.5256848e+03   3.6706467e+01   8.8864000e+02   8.8268000e+02   8.7114667e+02   1.9739958e+01   2.2237149e+01   2.1522266e+01
   7.2000000e+01   1.5264185e+03   3.6817113e+01   8.8898611e+02   8.8316667e+02   8.7158333e+02   1.9537968e+01   2.2459353e+01   2.1664373e+01
   7.6000000e+01   1.5204860e+03   4.0659491e+01   8.8560526e+02   8.7975000e+02   8.6810526e+02   2.1773427e+01   2.4641496e+01   2.3914614e+01
   7.7000000e+01   1.5225619e+03   3.8504649e+01   8.8715584e+02   8.8072727e+02   8.6916883e+02   2.0822600e+01   2.3191784e+01   2.2609036e+01
   7.1000000e+01   1.5207682e+03   3.5109166e+01   8.8629577e+02   8.7956338e+02   8.6808451e+02   1.8638205e+01   2.1278918e+01   2.0796117e+01
   7.5000000e+01   1.5296761e+03   3.5758212e+01   8.9038667e+02   8.8522667e+02   8.7377333e+02   1.8982847e+01   2.1784307e+01   2.1065261e+01
   7.3000000e+01   1.5329654e+03   3.6815534e+01   8.9224658e+02   8.8719178e+02   8.7564384e+02   1.9655209e+01   2.2393363e+01   2.1623913e+01
