   2.0857433e-01
  -1.0001281e-01
  -2.0798079e-01
   2.8596880e-01
   4.6905459e-03
  -2.5772067e-01
  -4.6180702e-02
   1.2888443e-01
   3.4942551e-02
   2.2702255e-01
  -8.2903759e-04
   1.1259045e-03
  -3.5709300e-02
   7.9035321e-04
   1.7606582e-04
  -3.4096083e-04
   1.4750546e-02
   1.2812674e-05
  -6.7732601e-04
  -4.1318048e-02
  -6.2078306e-04
   1.2600381e-03
  -5.7039575e-02
   1.0563875e-03
   5.1021294e-04
  -4.1141125e-04
   2.1349628e-02
   1.3415997e-04
  -4.8277532e-04
  -6.2353179e-02
   1.0875062e-03
  -1.1345531e-03
   1.5586558e-02
  -5.4233976e-04
   1.2855450e-04
   3.1109800e-04
  -8.6466998e-03
   8.9210988e-05
   8.7494700e-04
   3.7273852e-02
  -1.3198957e-05
  -3.0880733e-05
   1.2082531e-04
   2.5729171e-05
   2.5716089e-05
  -5.9460292e-06
  -7.8407752e-05
   1.5278041e-06
   1.8146947e-05
   2.2830168e-03
  -1.0965429e-05
  -1.9295951e-05
   6.0278241e-05
  -8.4784791e-06
  -6.6415263e-06
  -2.8169094e-05
  -2.5675426e-07
  -2.8703572e-05
   1.0872520e-05
   8.3423157e-04
  -9.2806698e-03
   8.0490039e-03
   3.6750830e-02
   1.8648764e-03
  -3.4455509e-03
  -1.9512506e-03
   1.7345208e-02
  -1.7624263e-03
  -8.1532874e-03
   1.6863054e-02
  -8.2995994e-06
   3.9285877e-05
  -8.1602504e-04
   1.2132314e-05
  -1.4801237e-06
  -3.8592210e-05
   3.1991958e-04
  -1.6371423e-05
  -4.6989862e-05
  -6.5342204e-04
  -3.0019996e-05
   5.9249908e-05
  -2.8376781e-03
   8.4315800e-05
   5.1223148e-05
  -3.3223263e-05
   1.0818392e-03
   2.4418643e-05
  -4.0367254e-06
  -3.5143368e-03
  -1.6946515e-05
   1.1994583e-05
  -1.2149635e-03
   3.1661710e-05
   3.9579263e-05
  -1.0472041e-05
   3.9911714e-04
  -1.7247043e-05
   3.1499695e-06
  -1.7434803e-03
  -2.6829886e-05
  -2.5180243e-05
   1.6011731e-05
  -2.4972052e-05
   1.7666081e-06
   7.2149015e-06
  -2.0552077e-06
  -2.4652657e-05
  -3.0164325e-05
   1.1235653e-04
   1.2119005e-05
  -2.9817489e-05
  -1.6802658e-05
  -7.3933671e-06
  -8.1239350e-06
  -1.8874490e-05
  -1.4810212e-05
  -1.9128356e-05
  -1.1972296e-05
  -4.3425298e-06
   5.0192290e-05
  -3.4731139e-04
   2.3674460e-02
  -3.7955354e-04
  -3.3823692e-04
   1.3794406e-04
  -8.5020009e-03
  -7.9212641e-05
   1.9200300e-05
   3.9570875e-02
  -1.8758722e-05
  -4.6248314e-06
   1.2248079e-04
  -1.4078905e-05
   2.0569823e-05
   1.9013895e-05
  -3.6298368e-06
   6.7553179e-06
   4.9025914e-06
   1.9250876e-03
  -3.0493578e-05
   1.0183372e-05
  -1.0780702e-04
   1.6889117e-05
  -6.0538709e-06
   1.2347913e-05
   4.2105360e-05
  -2.7810041e-05
   4.9976542e-06
   8.3545384e-04
   9.4868883e-06
  -1.3160811e-05
   6.2964108e-04
   1.8621319e-05
   1.7791360e-05
  -9.6025407e-07
  -2.4793145e-04
   2.9497050e-05
  -1.5050076e-05
   1.8553883e-03
   2.3823196e-05
   2.6726705e-05
  -1.1059569e-05
  -1.7887738e-05
   2.7362813e-05
  -1.3070939e-05
   2.5189809e-05
  -3.8445512e-06
  -1.5207524e-06
  -1.1449610e-03
   2.7178335e-05
  -3.5284527e-05
   2.9980946e-04
   1.4914870e-05
  -2.3133329e-05
   1.6206329e-05
  -1.2427075e-04
  -8.6535019e-06
  -2.7671772e-06
   1.0845216e-03
   1.8632268e-05
  -1.5366673e-05
   2.4311368e-04
  -1.8879403e-05
  -3.1311910e-06
   5.0987045e-06
  -6.4315239e-05
   4.5740031e-08
  -1.8018644e-05
   1.0440529e-03
  -7.6606300e-04
   1.0568953e-03
  -3.0294732e-02
   6.8016720e-04
   1.4632549e-04
  -2.9817205e-04
   1.2924441e-02
   1.4582364e-06
  -6.5691097e-04
  -7.8294087e-02
  -1.1124569e-03
   1.9243403e-03
  -8.0260352e-02
   1.5469335e-03
   6.6423335e-04
  -5.9931930e-04
   3.0597343e-02
   1.7403997e-04
  -8.2307386e-04
  -1.6087951e-01
   9.0253318e-04
  -9.0839554e-04
   5.6158618e-03
  -3.0689978e-04
   2.1066725e-04
   2.0080904e-04
  -4.9690563e-03
   1.3837284e-04
   7.5944446e-04
   7.6913078e-03
   2.4672249e-05
  -1.2963279e-05
   1.1668806e-03
  -4.9063853e-05
  -3.1492956e-05
   2.9408032e-05
  -4.3520337e-04
   5.7770184e-06
  -1.5739816e-05
   4.4583241e-03
  -1.3831740e-05
  -3.3788793e-05
   1.7729699e-04
  -3.7710328e-06
  -2.5025860e-05
   3.2987565e-05
  -9.3779720e-05
  -1.9662326e-06
  -1.5425167e-05
   4.7748020e-04
  -9.2924476e-03
   8.5064859e-03
   1.3844550e-02
   2.4332913e-03
  -2.9938128e-03
  -2.1236253e-03
   2.8270372e-02
  -1.6320227e-03
  -8.1102043e-03
   1.8748725e-02
  -4.4541526e-05
   3.3962094e-05
  -5.0669328e-04
   3.1829348e-05
   2.1765818e-06
   5.9781692e-06
   1.9649253e-04
   1.9110293e-06
  -3.5025418e-05
  -1.7397144e-03
  -3.5944792e-05
   1.1483651e-04
  -3.6924031e-03
   6.6541929e-05
   5.4962702e-05
  -2.8907469e-05
   1.4052407e-03
   9.5207760e-06
  -5.5033184e-05
  -7.3203442e-03
  -4.6694947e-06
   1.3420254e-05
  -1.6816784e-03
   5.4164865e-05
   1.3593239e-07
   6.1240123e-06
   6.2042984e-04
  -2.0225444e-05
   7.8205666e-06
  -3.4102494e-03
  -2.7152044e-05
   1.7819801e-05
   4.1589797e-05
   2.9000545e-05
   1.7394384e-05
   1.7123565e-05
  -4.5062367e-05
  -2.0636413e-06
  -2.0123852e-05
   2.2770056e-04
   6.0366529e-06
  -3.1503611e-07
   2.7478891e-07
  -2.8067586e-05
   3.1220226e-05
  -8.4205822e-06
  -1.9925883e-05
  -1.6500793e-05
  -2.7625500e-05
   2.6377294e-05
   1.4162505e-05
  -3.1519490e-04
   2.3606182e-02
  -4.3209584e-04
  -3.4627625e-04
   1.0025543e-04
  -8.5028360e-03
  -1.1283360e-04
  -3.8250696e-05
   4.5830179e-02
  -1.7617572e-05
   2.7178007e-06
  -6.2707379e-04
  -8.3903343e-06
  -1.3251658e-05
  -6.0705227e-06
   2.5807455e-04
  -8.5720823e-06
   2.0617714e-05
   1.9847260e-03
   2.7290141e-05
  -5.5108714e-05
   9.5782955e-04
  -2.0606219e-05
   1.1249122e-05
   3.1597863e-06
  -3.3920424e-04
  -8.7058586e-06
   9.1210213e-06
   5.8085295e-03
   3.2707769e-05
  -2.5741282e-05
   2.1065752e-03
  -2.6435760e-05
  -3.6565789e-05
   1.8638583e-05
  -7.9126536e-04
   2.0901019e-05
  -9.0694821e-06
   7.2782507e-03
  -4.1668418e-05
  -1.6315406e-05
  -4.0792550e-04
  -1.3740350e-05
   1.4121459e-05
  -5.4952748e-06
   1.5741681e-04
  -4.1683906e-07
   1.6756980e-05
  -2.2566329e-03
  -4.1578265e-05
   3.6747163e-05
  -1.8389104e-03
   3.5497625e-05
   7.5650022e-07
  -2.8358100e-06
   7.3994707e-04
  -2.1248591e-06
  -1.2631008e-05
  -4.4937419e-03
   1.1746918e-05
  -5.3381337e-06
  -1.4088858e-05
  -1.6227154e-05
   2.9535868e-05
   2.2915256e-05
   5.1223559e-05
   2.1218660e-05
  -3.7765904e-05
  -1.9002293e-03
  -2.1873404e-04
   2.0265694e-04
   8.4502009e-04
   4.7343047e-05
  -7.5035592e-05
  -5.6158451e-05
   5.0571358e-04
  -6.1416449e-05
  -1.6311791e-04
   5.4765288e-02
  -6.9144138e-04
   1.1689155e-03
  -5.1199041e-02
   1.0104289e-03
   4.2859253e-04
  -4.0046240e-04
   1.9492213e-02
   7.2716351e-05
  -5.0583961e-04
  -3.4670159e-02
   1.0359529e-03
  -1.0975236e-03
   1.3157842e-02
  -5.2533383e-04
   1.4537528e-04
   2.6920339e-04
  -8.1737479e-03
   1.4221510e-04
   9.0876012e-04
   2.7208630e-02
   2.7201343e-05
  -3.1875144e-05
   4.0993205e-04
  -6.8217201e-06
  -4.6286887e-06
  -1.1951337e-05
  -1.6217219e-04
   1.0036974e-05
   6.6807591e-06
   2.2914256e-03
  -1.1159967e-05
  -1.3804891e-05
  -1.4865847e-04
   5.0149985e-06
   4.9014086e-06
   4.0530730e-06
   8.4880282e-05
  -1.6575364e-05
   1.2775033e-05
  -2.4000946e-04
  -9.8830211e-03
   9.2923276e-03
  -8.1310488e-03
   2.9438980e-03
  -2.8956627e-03
  -2.3199444e-03
   3.7868064e-02
  -1.6078453e-03
  -8.6014997e-03
  -4.0235792e-02
  -1.4571701e-05
  -1.7085090e-05
   5.3298814e-04
  -2.2809891e-05
  -6.7337270e-06
   2.3977400e-05
  -1.7110248e-04
  -8.9588242e-06
   3.5054577e-06
   3.2043719e-03
  -6.3480096e-06
   5.6386364e-05
  -2.4487783e-03
   4.1424073e-05
   3.6945836e-05
   1.3044217e-05
   9.3617080e-04
  -4.1808634e-06
   4.5222265e-06
  -2.2017907e-03
  -1.4257988e-06
   3.3885604e-05
  -1.4566526e-03
   1.9107627e-05
   2.0326992e-05
  -1.2196351e-05
   5.1308014e-04
  -1.9523559e-05
   8.0111076e-06
  -2.7337842e-03
  -1.4650618e-05
   7.1609097e-06
   3.0967800e-05
  -2.3663884e-06
  -1.8283673e-05
   2.9980765e-05
  -9.7196376e-06
   1.8955955e-05
   1.5221171e-05
   8.5288806e-05
   2.7808106e-05
   9.7878685e-06
   2.0905055e-05
   1.4089298e-05
   1.4652060e-05
   1.7169764e-05
   7.1076795e-06
  -3.0227012e-05
   2.5614001e-05
   7.2333177e-06
   1.3549676e-05
  -3.2844050e-04
   2.3153622e-02
  -3.8826478e-04
  -3.0430378e-04
   9.9628575e-05
  -8.2835516e-03
  -7.5649660e-05
  -2.0638212e-05
   4.3720886e-02
  -2.2730984e-05
   4.4427635e-05
  -1.5041922e-03
   1.2365754e-05
   2.2499758e-05
  -3.7480650e-05
   5.9589592e-04
   1.7590028e-05
  -4.7149041e-05
  -3.4774411e-03
  -3.1508375e-05
   2.4335458e-05
  -1.5026820e-04
  -2.4404968e-05
  -3.7950611e-06
  -2.1433105e-06
   6.1300080e-05
   1.3313390e-05
  -8.2361248e-06
  -2.6346884e-04
   3.2353831e-05
  -2.8904404e-05
   7.1886983e-04
  -3.8635436e-05
  -4.0059037e-05
  -2.2540512e-05
  -2.0738672e-04
   9.2373155e-06
  -4.3345259e-06
   3.3302616e-03
   2.0849224e-06
   1.1283501e-05
  -2.7596882e-04
   2.1471757e-05
  -4.8395883e-06
  -2.9601233e-05
   1.5314990e-04
   1.1060915e-05
  -1.0048628e-05
  -2.3200401e-03
   2.8450344e-05
   6.4495177e-06
   4.7765704e-04
  -2.8503010e-05
   1.6069171e-05
  -2.5955809e-05
  -1.5211785e-04
  -3.7557749e-06
   8.7321249e-06
   1.5214827e-03
   1.4048182e-05
   4.8105434e-06
   3.1870659e-04
   8.2617612e-06
   1.4637519e-07
   2.0182844e-05
  -1.0542384e-04
   1.2130041e-05
   2.1886528e-05
  -8.1196351e-04
   7.9992568e-01
   8.0723228e-01
   6.5577059e-01
   7.5622769e-01
  -2.3616801e-01
   1.7797226e-02
   7.1424823e-01
   1.7624764e-01
   1.2435745e-01
   7.6347762e-01
  -3.2755658e-03
  -3.4102856e-03
  -3.3956956e-03
  -3.5088995e-03
  -2.2506405e-03
  -2.2686829e-03
  -3.3443581e-03
  -2.4248638e-03
  -2.4249450e-03
  -3.3474407e-03
   8.8447669e-02
   5.3643101e-02
   9.9506923e-02
   5.1383309e-02
   1.1189710e-01
   1.3237757e-01
   9.9906612e-02
   8.9944261e-02
   9.9419216e-02
   9.4852463e-02
   3.2323034e-02
   4.0197280e-03
   5.4585984e-02
   5.8345311e-03
   9.0654361e-02
   1.0201512e-01
   5.0234170e-02
   5.2033584e-02
   6.2932719e-02
   4.1566121e-02
   8.6630608e-02
   5.1582920e-02
   9.7490818e-02
   4.9425170e-02
   1.1048611e-01
   1.3101121e-01
   9.8033981e-02
   8.8751939e-02
   9.7982831e-02
   9.2853655e-02
   2.8656912e-04
   3.0113580e-04
   3.0298246e-04
   3.1485568e-04
   1.9604838e-04
   2.4234733e-04
   2.4203354e-04
   2.5494779e-04
   2.2777060e-04
   3.2557476e-04
  -7.1293293e-05
  -8.5144084e-05
   2.2542552e-04
   7.3979461e-05
   2.1519695e-04
   6.8726485e-05
   1.0996038e-05
  -6.9710393e-05
   8.3403286e-06
   4.5145163e-05
   1.0168837e-01
   6.4602920e-02
   1.0928831e-01
   6.1219598e-02
   1.1571626e-01
   1.3899022e-01
   1.1118271e-01
   9.8892969e-02
   1.0761730e-01
   1.0703327e-01
   2.2080946e-03
   2.2604252e-03
   1.5200778e-03
   1.9868522e-03
   7.8819889e-04
   1.2718612e-03
   1.7676429e-03
   1.5548650e-03
   1.4248057e-03
   1.9728875e-03
  -3.8056762e-03
  -4.0288338e-03
  -2.9658732e-03
  -3.7246621e-03
  -1.7491408e-03
  -2.3280708e-03
  -3.4927914e-03
  -2.7644889e-03
  -2.4765625e-03
  -3.6631315e-03
  -2.2750502e+00
  -2.1200149e+00
  -2.1935722e+00
  -2.0927287e+00
  -9.1442289e-01
  -1.3608494e+00
  -2.2385747e+00
  -1.7164928e+00
  -1.6411591e+00
  -2.2688507e+00
   7.3821144e+00
  -7.3696370e+00
  -1.7254678e+00
   1.7357617e+00
  -1.5732932e+00
   1.5803528e+00
  -1.6510779e+00
   1.6572605e+00
  -1.5462567e+00
   1.5513064e+00
  -6.4475474e-01
   6.3869910e-01
  -9.6589770e-01
   9.6818869e-01
  -1.6947271e+00
   1.7030885e+00
  -1.2149679e+00
   1.2211251e+00
  -1.1585421e+00
   1.1641804e+00
  -1.7217736e+00
   1.7311846e+00
